Czytanie pliku code
Skończono czytanie pliku (72 linii).
Uruchamianie programu.
0 ZERO 616471356
0 809563838 1318836452 1875850769 729205532
1 ZERO 809563838
0 0 1318836452 1875850769 729205532
2 STORE 0:0<-0
0 0 1318836452 1875850769 729205532
3 ZERO 0
0 0 1318836452 1875850769 729205532
4 INC 0
1 0 1318836452 1875850769 729205532
5 ZERO 0
1 0 1318836452 1875850769 729205532
6 INC 0
1 1 1318836452 1875850769 729205532
7 SHL 1
1 2 1318836452 1875850769 729205532
8 INC 2
1 3 1318836452 1875850769 729205532
9 SHL 3
1 6 1318836452 1875850769 729205532
10 INC 6
1 7 1318836452 1875850769 729205532
11 SHL 7
1 14 1318836452 1875850769 729205532
12 INC 14
1 15 1318836452 1875850769 729205532
13 SHL 15
1 30 1318836452 1875850769 729205532
14 INC 30
1 31 1318836452 1875850769 729205532
15 SHL 31
1 62 1318836452 1875850769 729205532
16 SHL 62
1 124 1318836452 1875850769 729205532
17 SHL 124
1 248 1318836452 1875850769 729205532
18 INC 248
1 249 1318836452 1875850769 729205532
19 SHL 249
1 498 1318836452 1875850769 729205532
20 INC 498
1 499 1318836452 1875850769 729205532
21 SHL 499
1 998 1318836452 1875850769 729205532
22 INC 998
1 999 1318836452 1875850769 729205532
23 STORE 1:0<-999
1 999 1318836452 1875850769 729205532
24 ZERO 1
0 999 1318836452 1875850769 729205532
25 ZERO 999
0 0 1318836452 1875850769 729205532
26 ZERO 0
0 0 1318836452 1875850769 729205532
27 ZERO 0
0 0 1318836452 1875850769 729205532
28 ZERO 0
0 0 1318836452 1875850769 729205532
29 INC 0
1 0 1318836452 1875850769 729205532
30 SHL 1
2 0 1318836452 1875850769 729205532
31 LOAD 1:1<-0
2 0 1318836452 1875850769 729205532
32 ZERO 2
0 0 1318836452 1875850769 729205532
33 SUB 0 0
0 0 1318836452 1875850769 729205532
34 JZERO 43
0 0 1318836452 1875850769 729205532
43 JZERO 51
0 0 1318836452 1875850769 729205532
44 ZERO 0
0 0 1318836452 1875850769 729205532
45 ZERO 0
0 0 1318836452 1875850769 729205532
46 INC 0
1 0 1318836452 1875850769 729205532
47 SHL 1
2 0 1318836452 1875850769 729205532
48 LOAD 1:1<-0
2 0 1318836452 1875850769 729205532
49 PUT> 0
2 0 1318836452 1875850769 729205532
50 JUMP 71
2 0 1318836452 1875850769 729205532
0 0
1 999
2 0
Skończono program (czas: 187).
