Czytanie pliku code
Skończono czytanie pliku (55 linii).
Uruchamianie programu.
0 ZERO 1770039200
1424116192 0 674445892 92484352 2066957254
1 STORE 1424116192:0<-0
1424116192 0 674445892 92484352 2066957254
2 ZERO 0
1424116192 0 674445892 92484352 2066957254
3 INC 0
1424116192 1 674445892 92484352 2066957254
4 STORE 1424116192:0<-1
1424116192 1 674445892 92484352 2066957254
5 ZERO 1
1424116192 0 674445892 92484352 2066957254
6 INC 0
1424116192 1 674445892 92484352 2066957254
7 SHL 1
1424116192 2 674445892 92484352 2066957254
8 STORE 1424116192:1<-2
1424116192 2 674445892 92484352 2066957254
9 ZERO 2
1424116192 0 674445892 92484352 2066957254
10 INC 0
1424116192 1 674445892 92484352 2066957254
11 SHL 1
1424116192 2 674445892 92484352 2066957254
12 INC 2
1424116192 3 674445892 92484352 2066957254
13 SHL 3
1424116192 6 674445892 92484352 2066957254
14 SHL 6
1424116192 12 674445892 92484352 2066957254
15 SHL 12
1424116192 24 674445892 92484352 2066957254
16 INC 24
1424116192 25 674445892 92484352 2066957254
17 SHL 25
1424116192 50 674445892 92484352 2066957254
18 SHL 50
1424116192 100 674445892 92484352 2066957254
19 STORE 1424116192:2<-100
1424116192 100 674445892 92484352 2066957254
20 ZERO 1424116192
0 100 674445892 92484352 2066957254
21 ZERO 100
0 0 674445892 92484352 2066957254
22 ZERO 0
0 0 674445892 92484352 2066957254
23 INC 0
0 1 674445892 92484352 2066957254
24 SHL 1
0 2 674445892 92484352 2066957254
25 INC 2
0 3 674445892 92484352 2066957254
26 SHL 3
0 6 674445892 92484352 2066957254
27 SHL 6
0 12 674445892 92484352 2066957254
28 SHL 12
0 24 674445892 92484352 2066957254
29 SHL 24
0 48 674445892 92484352 2066957254
30 INC 48
0 49 674445892 92484352 2066957254
31 SHL 49
0 98 674445892 92484352 2066957254
32 INC 98
0 99 674445892 92484352 2066957254
33 STORE 0:0<-99
0 99 674445892 92484352 2066957254
34 ZERO 0
0 99 674445892 92484352 2066957254
35 LOAD 1<-99
0 99 674445892 92484352 2066957254
36 ZERO 0
0 99 674445892 92484352 2066957254
37 LOAD 1<-99
0 99 674445892 92484352 2066957254
38 STORE 0:99<-99
0 99 674445892 92484352 2066957254
39 ZERO 0
0 99 674445892 92484352 2066957254
40 LOAD 2<-99
0 99 99 92484352 2066957254
41 JZERO 54
0 99 99 92484352 2066957254
42 ZERO 92484352
0 99 99 0 2066957254
43 INC 0
0 99 99 1 2066957254
44 ZERO 0
0 99 99 1 2066957254
45 LOAD 2<-99
0 99 99 1 2066957254
46 ADD 99 99
0 99 198 1 2066957254
47 COPY 0 198
198 99 198 1 2066957254
48 STORE 198:0<-1
198 99 198 1 2066957254
49 ZERO 198
0 99 198 1 2066957254
50 LOAD 2<-99
0 99 99 1 2066957254
51 DEC 99
0 99 98 1 2066957254
52 STORE 0:99<-98
0 99 98 1 2066957254
53 JUMP 39
0 99 98 1 2066957254
39 ZERO 0
0 99 98 1 2066957254
40 LOAD 2<-98
0 99 98 1 2066957254
41 JZERO 54
0 99 98 1 2066957254
42 ZERO 1
0 99 98 0 2066957254
43 INC 0
0 99 98 1 2066957254
44 ZERO 0
0 99 98 1 2066957254
45 LOAD 2<-98
0 99 98 1 2066957254
46 ADD 98 98
0 99 196 1 2066957254
47 COPY 0 196
196 99 196 1 2066957254
48 STORE 196:0<-1
196 99 196 1 2066957254
49 ZERO 196
0 99 196 1 2066957254
50 LOAD 2<-98
0 99 98 1 2066957254
51 DEC 98
0 99 97 1 2066957254
52 STORE 0:98<-97
0 99 97 1 2066957254
53 JUMP 39
0 99 97 1 2066957254
39 ZERO 0
0 99 97 1 2066957254
40 LOAD 2<-97
0 99 97 1 2066957254
41 JZERO 54
0 99 97 1 2066957254
42 ZERO 1
0 99 97 0 2066957254
43 INC 0
0 99 97 1 2066957254
44 ZERO 0
0 99 97 1 2066957254
45 LOAD 2<-97
0 99 97 1 2066957254
46 ADD 97 97
0 99 194 1 2066957254
47 COPY 0 194
194 99 194 1 2066957254
48 STORE 194:0<-1
194 99 194 1 2066957254
49 ZERO 194
0 99 194 1 2066957254
50 LOAD 2<-97
0 99 97 1 2066957254
51 DEC 97
0 99 96 1 2066957254
52 STORE 0:97<-96
0 99 96 1 2066957254
53 JUMP 39
0 99 96 1 2066957254
39 ZERO 0
0 99 96 1 2066957254
40 LOAD 2<-96
0 99 96 1 2066957254
41 JZERO 54
0 99 96 1 2066957254
42 ZERO 1
0 99 96 0 2066957254
43 INC 0
0 99 96 1 2066957254
44 ZERO 0
0 99 96 1 2066957254
45 LOAD 2<-96
0 99 96 1 2066957254
46 ADD 96 96
0 99 192 1 2066957254
47 COPY 0 192
192 99 192 1 2066957254
48 STORE 192:0<-1
192 99 192 1 2066957254
49 ZERO 192
0 99 192 1 2066957254
50 LOAD 2<-96
0 99 96 1 2066957254
51 DEC 96
0 99 95 1 2066957254
52 STORE 0:96<-95
0 99 95 1 2066957254
53 JUMP 39
0 99 95 1 2066957254
39 ZERO 0
0 99 95 1 2066957254
40 LOAD 2<-95
0 99 95 1 2066957254
41 JZERO 54
0 99 95 1 2066957254
42 ZERO 1
0 99 95 0 2066957254
43 INC 0
0 99 95 1 2066957254
44 ZERO 0
0 99 95 1 2066957254
45 LOAD 2<-95
0 99 95 1 2066957254
46 ADD 95 95
0 99 190 1 2066957254
47 COPY 0 190
190 99 190 1 2066957254
48 STORE 190:0<-1
190 99 190 1 2066957254
49 ZERO 190
0 99 190 1 2066957254
50 LOAD 2<-95
0 99 95 1 2066957254
51 DEC 95
0 99 94 1 2066957254
52 STORE 0:95<-94
0 99 94 1 2066957254
53 JUMP 39
0 99 94 1 2066957254
39 ZERO 0
0 99 94 1 2066957254
40 LOAD 2<-94
0 99 94 1 2066957254
41 JZERO 54
0 99 94 1 2066957254
42 ZERO 1
0 99 94 0 2066957254
43 INC 0
0 99 94 1 2066957254
44 ZERO 0
0 99 94 1 2066957254
45 LOAD 2<-94
0 99 94 1 2066957254
46 ADD 94 94
0 99 188 1 2066957254
47 COPY 0 188
188 99 188 1 2066957254
48 STORE 188:0<-1
188 99 188 1 2066957254
49 ZERO 188
0 99 188 1 2066957254
50 LOAD 2<-94
0 99 94 1 2066957254
51 DEC 94
0 99 93 1 2066957254
52 STORE 0:94<-93
0 99 93 1 2066957254
53 JUMP 39
0 99 93 1 2066957254
39 ZERO 0
0 99 93 1 2066957254
40 LOAD 2<-93
0 99 93 1 2066957254
41 JZERO 54
0 99 93 1 2066957254
42 ZERO 1
0 99 93 0 2066957254
43 INC 0
0 99 93 1 2066957254
44 ZERO 0
0 99 93 1 2066957254
45 LOAD 2<-93
0 99 93 1 2066957254
46 ADD 93 93
0 99 186 1 2066957254
47 COPY 0 186
186 99 186 1 2066957254
48 STORE 186:0<-1
186 99 186 1 2066957254
49 ZERO 186
0 99 186 1 2066957254
50 LOAD 2<-93
0 99 93 1 2066957254
51 DEC 93
0 99 92 1 2066957254
52 STORE 0:93<-92
0 99 92 1 2066957254
53 JUMP 39
0 99 92 1 2066957254
39 ZERO 0
0 99 92 1 2066957254
40 LOAD 2<-92
0 99 92 1 2066957254
41 JZERO 54
0 99 92 1 2066957254
42 ZERO 1
0 99 92 0 2066957254
43 INC 0
0 99 92 1 2066957254
44 ZERO 0
0 99 92 1 2066957254
45 LOAD 2<-92
0 99 92 1 2066957254
46 ADD 92 92
0 99 184 1 2066957254
47 COPY 0 184
184 99 184 1 2066957254
48 STORE 184:0<-1
184 99 184 1 2066957254
49 ZERO 184
0 99 184 1 2066957254
50 LOAD 2<-92
0 99 92 1 2066957254
51 DEC 92
0 99 91 1 2066957254
52 STORE 0:92<-91
0 99 91 1 2066957254
53 JUMP 39
0 99 91 1 2066957254
39 ZERO 0
0 99 91 1 2066957254
40 LOAD 2<-91
0 99 91 1 2066957254
41 JZERO 54
0 99 91 1 2066957254
42 ZERO 1
0 99 91 0 2066957254
43 INC 0
0 99 91 1 2066957254
44 ZERO 0
0 99 91 1 2066957254
45 LOAD 2<-91
0 99 91 1 2066957254
46 ADD 91 91
0 99 182 1 2066957254
47 COPY 0 182
182 99 182 1 2066957254
48 STORE 182:0<-1
182 99 182 1 2066957254
49 ZERO 182
0 99 182 1 2066957254
50 LOAD 2<-91
0 99 91 1 2066957254
51 DEC 91
0 99 90 1 2066957254
52 STORE 0:91<-90
0 99 90 1 2066957254
53 JUMP 39
0 99 90 1 2066957254
39 ZERO 0
0 99 90 1 2066957254
40 LOAD 2<-90
0 99 90 1 2066957254
41 JZERO 54
0 99 90 1 2066957254
42 ZERO 1
0 99 90 0 2066957254
43 INC 0
0 99 90 1 2066957254
44 ZERO 0
0 99 90 1 2066957254
45 LOAD 2<-90
0 99 90 1 2066957254
46 ADD 90 90
0 99 180 1 2066957254
47 COPY 0 180
180 99 180 1 2066957254
48 STORE 180:0<-1
180 99 180 1 2066957254
49 ZERO 180
0 99 180 1 2066957254
50 LOAD 2<-90
0 99 90 1 2066957254
51 DEC 90
0 99 89 1 2066957254
52 STORE 0:90<-89
0 99 89 1 2066957254
53 JUMP 39
0 99 89 1 2066957254
39 ZERO 0
0 99 89 1 2066957254
40 LOAD 2<-89
0 99 89 1 2066957254
41 JZERO 54
0 99 89 1 2066957254
42 ZERO 1
0 99 89 0 2066957254
43 INC 0
0 99 89 1 2066957254
44 ZERO 0
0 99 89 1 2066957254
45 LOAD 2<-89
0 99 89 1 2066957254
46 ADD 89 89
0 99 178 1 2066957254
47 COPY 0 178
178 99 178 1 2066957254
48 STORE 178:0<-1
178 99 178 1 2066957254
49 ZERO 178
0 99 178 1 2066957254
50 LOAD 2<-89
0 99 89 1 2066957254
51 DEC 89
0 99 88 1 2066957254
52 STORE 0:89<-88
0 99 88 1 2066957254
53 JUMP 39
0 99 88 1 2066957254
39 ZERO 0
0 99 88 1 2066957254
40 LOAD 2<-88
0 99 88 1 2066957254
41 JZERO 54
0 99 88 1 2066957254
42 ZERO 1
0 99 88 0 2066957254
43 INC 0
0 99 88 1 2066957254
44 ZERO 0
0 99 88 1 2066957254
45 LOAD 2<-88
0 99 88 1 2066957254
46 ADD 88 88
0 99 176 1 2066957254
47 COPY 0 176
176 99 176 1 2066957254
48 STORE 176:0<-1
176 99 176 1 2066957254
49 ZERO 176
0 99 176 1 2066957254
50 LOAD 2<-88
0 99 88 1 2066957254
51 DEC 88
0 99 87 1 2066957254
52 STORE 0:88<-87
0 99 87 1 2066957254
53 JUMP 39
0 99 87 1 2066957254
39 ZERO 0
0 99 87 1 2066957254
40 LOAD 2<-87
0 99 87 1 2066957254
41 JZERO 54
0 99 87 1 2066957254
42 ZERO 1
0 99 87 0 2066957254
43 INC 0
0 99 87 1 2066957254
44 ZERO 0
0 99 87 1 2066957254
45 LOAD 2<-87
0 99 87 1 2066957254
46 ADD 87 87
0 99 174 1 2066957254
47 COPY 0 174
174 99 174 1 2066957254
48 STORE 174:0<-1
174 99 174 1 2066957254
49 ZERO 174
0 99 174 1 2066957254
50 LOAD 2<-87
0 99 87 1 2066957254
51 DEC 87
0 99 86 1 2066957254
52 STORE 0:87<-86
0 99 86 1 2066957254
53 JUMP 39
0 99 86 1 2066957254
39 ZERO 0
0 99 86 1 2066957254
40 LOAD 2<-86
0 99 86 1 2066957254
41 JZERO 54
0 99 86 1 2066957254
42 ZERO 1
0 99 86 0 2066957254
43 INC 0
0 99 86 1 2066957254
44 ZERO 0
0 99 86 1 2066957254
45 LOAD 2<-86
0 99 86 1 2066957254
46 ADD 86 86
0 99 172 1 2066957254
47 COPY 0 172
172 99 172 1 2066957254
48 STORE 172:0<-1
172 99 172 1 2066957254
49 ZERO 172
0 99 172 1 2066957254
50 LOAD 2<-86
0 99 86 1 2066957254
51 DEC 86
0 99 85 1 2066957254
52 STORE 0:86<-85
0 99 85 1 2066957254
53 JUMP 39
0 99 85 1 2066957254
39 ZERO 0
0 99 85 1 2066957254
40 LOAD 2<-85
0 99 85 1 2066957254
41 JZERO 54
0 99 85 1 2066957254
42 ZERO 1
0 99 85 0 2066957254
43 INC 0
0 99 85 1 2066957254
44 ZERO 0
0 99 85 1 2066957254
45 LOAD 2<-85
0 99 85 1 2066957254
46 ADD 85 85
0 99 170 1 2066957254
47 COPY 0 170
170 99 170 1 2066957254
48 STORE 170:0<-1
170 99 170 1 2066957254
49 ZERO 170
0 99 170 1 2066957254
50 LOAD 2<-85
0 99 85 1 2066957254
51 DEC 85
0 99 84 1 2066957254
52 STORE 0:85<-84
0 99 84 1 2066957254
53 JUMP 39
0 99 84 1 2066957254
39 ZERO 0
0 99 84 1 2066957254
40 LOAD 2<-84
0 99 84 1 2066957254
41 JZERO 54
0 99 84 1 2066957254
42 ZERO 1
0 99 84 0 2066957254
43 INC 0
0 99 84 1 2066957254
44 ZERO 0
0 99 84 1 2066957254
45 LOAD 2<-84
0 99 84 1 2066957254
46 ADD 84 84
0 99 168 1 2066957254
47 COPY 0 168
168 99 168 1 2066957254
48 STORE 168:0<-1
168 99 168 1 2066957254
49 ZERO 168
0 99 168 1 2066957254
50 LOAD 2<-84
0 99 84 1 2066957254
51 DEC 84
0 99 83 1 2066957254
52 STORE 0:84<-83
0 99 83 1 2066957254
53 JUMP 39
0 99 83 1 2066957254
39 ZERO 0
0 99 83 1 2066957254
40 LOAD 2<-83
0 99 83 1 2066957254
41 JZERO 54
0 99 83 1 2066957254
42 ZERO 1
0 99 83 0 2066957254
43 INC 0
0 99 83 1 2066957254
44 ZERO 0
0 99 83 1 2066957254
45 LOAD 2<-83
0 99 83 1 2066957254
46 ADD 83 83
0 99 166 1 2066957254
47 COPY 0 166
166 99 166 1 2066957254
48 STORE 166:0<-1
166 99 166 1 2066957254
49 ZERO 166
0 99 166 1 2066957254
50 LOAD 2<-83
0 99 83 1 2066957254
51 DEC 83
0 99 82 1 2066957254
52 STORE 0:83<-82
0 99 82 1 2066957254
53 JUMP 39
0 99 82 1 2066957254
39 ZERO 0
0 99 82 1 2066957254
40 LOAD 2<-82
0 99 82 1 2066957254
41 JZERO 54
0 99 82 1 2066957254
42 ZERO 1
0 99 82 0 2066957254
43 INC 0
0 99 82 1 2066957254
44 ZERO 0
0 99 82 1 2066957254
45 LOAD 2<-82
0 99 82 1 2066957254
46 ADD 82 82
0 99 164 1 2066957254
47 COPY 0 164
164 99 164 1 2066957254
48 STORE 164:0<-1
164 99 164 1 2066957254
49 ZERO 164
0 99 164 1 2066957254
50 LOAD 2<-82
0 99 82 1 2066957254
51 DEC 82
0 99 81 1 2066957254
52 STORE 0:82<-81
0 99 81 1 2066957254
53 JUMP 39
0 99 81 1 2066957254
39 ZERO 0
0 99 81 1 2066957254
40 LOAD 2<-81
0 99 81 1 2066957254
41 JZERO 54
0 99 81 1 2066957254
42 ZERO 1
0 99 81 0 2066957254
43 INC 0
0 99 81 1 2066957254
44 ZERO 0
0 99 81 1 2066957254
45 LOAD 2<-81
0 99 81 1 2066957254
46 ADD 81 81
0 99 162 1 2066957254
47 COPY 0 162
162 99 162 1 2066957254
48 STORE 162:0<-1
162 99 162 1 2066957254
49 ZERO 162
0 99 162 1 2066957254
50 LOAD 2<-81
0 99 81 1 2066957254
51 DEC 81
0 99 80 1 2066957254
52 STORE 0:81<-80
0 99 80 1 2066957254
53 JUMP 39
0 99 80 1 2066957254
39 ZERO 0
0 99 80 1 2066957254
40 LOAD 2<-80
0 99 80 1 2066957254
41 JZERO 54
0 99 80 1 2066957254
42 ZERO 1
0 99 80 0 2066957254
43 INC 0
0 99 80 1 2066957254
44 ZERO 0
0 99 80 1 2066957254
45 LOAD 2<-80
0 99 80 1 2066957254
46 ADD 80 80
0 99 160 1 2066957254
47 COPY 0 160
160 99 160 1 2066957254
48 STORE 160:0<-1
160 99 160 1 2066957254
49 ZERO 160
0 99 160 1 2066957254
50 LOAD 2<-80
0 99 80 1 2066957254
51 DEC 80
0 99 79 1 2066957254
52 STORE 0:80<-79
0 99 79 1 2066957254
53 JUMP 39
0 99 79 1 2066957254
39 ZERO 0
0 99 79 1 2066957254
40 LOAD 2<-79
0 99 79 1 2066957254
41 JZERO 54
0 99 79 1 2066957254
42 ZERO 1
0 99 79 0 2066957254
43 INC 0
0 99 79 1 2066957254
44 ZERO 0
0 99 79 1 2066957254
45 LOAD 2<-79
0 99 79 1 2066957254
46 ADD 79 79
0 99 158 1 2066957254
47 COPY 0 158
158 99 158 1 2066957254
48 STORE 158:0<-1
158 99 158 1 2066957254
49 ZERO 158
0 99 158 1 2066957254
50 LOAD 2<-79
0 99 79 1 2066957254
51 DEC 79
0 99 78 1 2066957254
52 STORE 0:79<-78
0 99 78 1 2066957254
53 JUMP 39
0 99 78 1 2066957254
39 ZERO 0
0 99 78 1 2066957254
40 LOAD 2<-78
0 99 78 1 2066957254
41 JZERO 54
0 99 78 1 2066957254
42 ZERO 1
0 99 78 0 2066957254
43 INC 0
0 99 78 1 2066957254
44 ZERO 0
0 99 78 1 2066957254
45 LOAD 2<-78
0 99 78 1 2066957254
46 ADD 78 78
0 99 156 1 2066957254
47 COPY 0 156
156 99 156 1 2066957254
48 STORE 156:0<-1
156 99 156 1 2066957254
49 ZERO 156
0 99 156 1 2066957254
50 LOAD 2<-78
0 99 78 1 2066957254
51 DEC 78
0 99 77 1 2066957254
52 STORE 0:78<-77
0 99 77 1 2066957254
53 JUMP 39
0 99 77 1 2066957254
39 ZERO 0
0 99 77 1 2066957254
40 LOAD 2<-77
0 99 77 1 2066957254
41 JZERO 54
0 99 77 1 2066957254
42 ZERO 1
0 99 77 0 2066957254
43 INC 0
0 99 77 1 2066957254
44 ZERO 0
0 99 77 1 2066957254
45 LOAD 2<-77
0 99 77 1 2066957254
46 ADD 77 77
0 99 154 1 2066957254
47 COPY 0 154
154 99 154 1 2066957254
48 STORE 154:0<-1
154 99 154 1 2066957254
49 ZERO 154
0 99 154 1 2066957254
50 LOAD 2<-77
0 99 77 1 2066957254
51 DEC 77
0 99 76 1 2066957254
52 STORE 0:77<-76
0 99 76 1 2066957254
53 JUMP 39
0 99 76 1 2066957254
39 ZERO 0
0 99 76 1 2066957254
40 LOAD 2<-76
0 99 76 1 2066957254
41 JZERO 54
0 99 76 1 2066957254
42 ZERO 1
0 99 76 0 2066957254
43 INC 0
0 99 76 1 2066957254
44 ZERO 0
0 99 76 1 2066957254
45 LOAD 2<-76
0 99 76 1 2066957254
46 ADD 76 76
0 99 152 1 2066957254
47 COPY 0 152
152 99 152 1 2066957254
48 STORE 152:0<-1
152 99 152 1 2066957254
49 ZERO 152
0 99 152 1 2066957254
50 LOAD 2<-76
0 99 76 1 2066957254
51 DEC 76
0 99 75 1 2066957254
52 STORE 0:76<-75
0 99 75 1 2066957254
53 JUMP 39
0 99 75 1 2066957254
39 ZERO 0
0 99 75 1 2066957254
40 LOAD 2<-75
0 99 75 1 2066957254
41 JZERO 54
0 99 75 1 2066957254
42 ZERO 1
0 99 75 0 2066957254
43 INC 0
0 99 75 1 2066957254
44 ZERO 0
0 99 75 1 2066957254
45 LOAD 2<-75
0 99 75 1 2066957254
46 ADD 75 75
0 99 150 1 2066957254
47 COPY 0 150
150 99 150 1 2066957254
48 STORE 150:0<-1
150 99 150 1 2066957254
49 ZERO 150
0 99 150 1 2066957254
50 LOAD 2<-75
0 99 75 1 2066957254
51 DEC 75
0 99 74 1 2066957254
52 STORE 0:75<-74
0 99 74 1 2066957254
53 JUMP 39
0 99 74 1 2066957254
39 ZERO 0
0 99 74 1 2066957254
40 LOAD 2<-74
0 99 74 1 2066957254
41 JZERO 54
0 99 74 1 2066957254
42 ZERO 1
0 99 74 0 2066957254
43 INC 0
0 99 74 1 2066957254
44 ZERO 0
0 99 74 1 2066957254
45 LOAD 2<-74
0 99 74 1 2066957254
46 ADD 74 74
0 99 148 1 2066957254
47 COPY 0 148
148 99 148 1 2066957254
48 STORE 148:0<-1
148 99 148 1 2066957254
49 ZERO 148
0 99 148 1 2066957254
50 LOAD 2<-74
0 99 74 1 2066957254
51 DEC 74
0 99 73 1 2066957254
52 STORE 0:74<-73
0 99 73 1 2066957254
53 JUMP 39
0 99 73 1 2066957254
39 ZERO 0
0 99 73 1 2066957254
40 LOAD 2<-73
0 99 73 1 2066957254
41 JZERO 54
0 99 73 1 2066957254
42 ZERO 1
0 99 73 0 2066957254
43 INC 0
0 99 73 1 2066957254
44 ZERO 0
0 99 73 1 2066957254
45 LOAD 2<-73
0 99 73 1 2066957254
46 ADD 73 73
0 99 146 1 2066957254
47 COPY 0 146
146 99 146 1 2066957254
48 STORE 146:0<-1
146 99 146 1 2066957254
49 ZERO 146
0 99 146 1 2066957254
50 LOAD 2<-73
0 99 73 1 2066957254
51 DEC 73
0 99 72 1 2066957254
52 STORE 0:73<-72
0 99 72 1 2066957254
53 JUMP 39
0 99 72 1 2066957254
39 ZERO 0
0 99 72 1 2066957254
40 LOAD 2<-72
0 99 72 1 2066957254
41 JZERO 54
0 99 72 1 2066957254
42 ZERO 1
0 99 72 0 2066957254
43 INC 0
0 99 72 1 2066957254
44 ZERO 0
0 99 72 1 2066957254
45 LOAD 2<-72
0 99 72 1 2066957254
46 ADD 72 72
0 99 144 1 2066957254
47 COPY 0 144
144 99 144 1 2066957254
48 STORE 144:0<-1
144 99 144 1 2066957254
49 ZERO 144
0 99 144 1 2066957254
50 LOAD 2<-72
0 99 72 1 2066957254
51 DEC 72
0 99 71 1 2066957254
52 STORE 0:72<-71
0 99 71 1 2066957254
53 JUMP 39
0 99 71 1 2066957254
39 ZERO 0
0 99 71 1 2066957254
40 LOAD 2<-71
0 99 71 1 2066957254
41 JZERO 54
0 99 71 1 2066957254
42 ZERO 1
0 99 71 0 2066957254
43 INC 0
0 99 71 1 2066957254
44 ZERO 0
0 99 71 1 2066957254
45 LOAD 2<-71
0 99 71 1 2066957254
46 ADD 71 71
0 99 142 1 2066957254
47 COPY 0 142
142 99 142 1 2066957254
48 STORE 142:0<-1
142 99 142 1 2066957254
49 ZERO 142
0 99 142 1 2066957254
50 LOAD 2<-71
0 99 71 1 2066957254
51 DEC 71
0 99 70 1 2066957254
52 STORE 0:71<-70
0 99 70 1 2066957254
53 JUMP 39
0 99 70 1 2066957254
39 ZERO 0
0 99 70 1 2066957254
40 LOAD 2<-70
0 99 70 1 2066957254
41 JZERO 54
0 99 70 1 2066957254
42 ZERO 1
0 99 70 0 2066957254
43 INC 0
0 99 70 1 2066957254
44 ZERO 0
0 99 70 1 2066957254
45 LOAD 2<-70
0 99 70 1 2066957254
46 ADD 70 70
0 99 140 1 2066957254
47 COPY 0 140
140 99 140 1 2066957254
48 STORE 140:0<-1
140 99 140 1 2066957254
49 ZERO 140
0 99 140 1 2066957254
50 LOAD 2<-70
0 99 70 1 2066957254
51 DEC 70
0 99 69 1 2066957254
52 STORE 0:70<-69
0 99 69 1 2066957254
53 JUMP 39
0 99 69 1 2066957254
39 ZERO 0
0 99 69 1 2066957254
40 LOAD 2<-69
0 99 69 1 2066957254
41 JZERO 54
0 99 69 1 2066957254
42 ZERO 1
0 99 69 0 2066957254
43 INC 0
0 99 69 1 2066957254
44 ZERO 0
0 99 69 1 2066957254
45 LOAD 2<-69
0 99 69 1 2066957254
46 ADD 69 69
0 99 138 1 2066957254
47 COPY 0 138
138 99 138 1 2066957254
48 STORE 138:0<-1
138 99 138 1 2066957254
49 ZERO 138
0 99 138 1 2066957254
50 LOAD 2<-69
0 99 69 1 2066957254
51 DEC 69
0 99 68 1 2066957254
52 STORE 0:69<-68
0 99 68 1 2066957254
53 JUMP 39
0 99 68 1 2066957254
39 ZERO 0
0 99 68 1 2066957254
40 LOAD 2<-68
0 99 68 1 2066957254
41 JZERO 54
0 99 68 1 2066957254
42 ZERO 1
0 99 68 0 2066957254
43 INC 0
0 99 68 1 2066957254
44 ZERO 0
0 99 68 1 2066957254
45 LOAD 2<-68
0 99 68 1 2066957254
46 ADD 68 68
0 99 136 1 2066957254
47 COPY 0 136
136 99 136 1 2066957254
48 STORE 136:0<-1
136 99 136 1 2066957254
49 ZERO 136
0 99 136 1 2066957254
50 LOAD 2<-68
0 99 68 1 2066957254
51 DEC 68
0 99 67 1 2066957254
52 STORE 0:68<-67
0 99 67 1 2066957254
53 JUMP 39
0 99 67 1 2066957254
39 ZERO 0
0 99 67 1 2066957254
40 LOAD 2<-67
0 99 67 1 2066957254
41 JZERO 54
0 99 67 1 2066957254
42 ZERO 1
0 99 67 0 2066957254
43 INC 0
0 99 67 1 2066957254
44 ZERO 0
0 99 67 1 2066957254
45 LOAD 2<-67
0 99 67 1 2066957254
46 ADD 67 67
0 99 134 1 2066957254
47 COPY 0 134
134 99 134 1 2066957254
48 STORE 134:0<-1
134 99 134 1 2066957254
49 ZERO 134
0 99 134 1 2066957254
50 LOAD 2<-67
0 99 67 1 2066957254
51 DEC 67
0 99 66 1 2066957254
52 STORE 0:67<-66
0 99 66 1 2066957254
53 JUMP 39
0 99 66 1 2066957254
39 ZERO 0
0 99 66 1 2066957254
40 LOAD 2<-66
0 99 66 1 2066957254
41 JZERO 54
0 99 66 1 2066957254
42 ZERO 1
0 99 66 0 2066957254
43 INC 0
0 99 66 1 2066957254
44 ZERO 0
0 99 66 1 2066957254
45 LOAD 2<-66
0 99 66 1 2066957254
46 ADD 66 66
0 99 132 1 2066957254
47 COPY 0 132
132 99 132 1 2066957254
48 STORE 132:0<-1
132 99 132 1 2066957254
49 ZERO 132
0 99 132 1 2066957254
50 LOAD 2<-66
0 99 66 1 2066957254
51 DEC 66
0 99 65 1 2066957254
52 STORE 0:66<-65
0 99 65 1 2066957254
53 JUMP 39
0 99 65 1 2066957254
39 ZERO 0
0 99 65 1 2066957254
40 LOAD 2<-65
0 99 65 1 2066957254
41 JZERO 54
0 99 65 1 2066957254
42 ZERO 1
0 99 65 0 2066957254
43 INC 0
0 99 65 1 2066957254
44 ZERO 0
0 99 65 1 2066957254
45 LOAD 2<-65
0 99 65 1 2066957254
46 ADD 65 65
0 99 130 1 2066957254
47 COPY 0 130
130 99 130 1 2066957254
48 STORE 130:0<-1
130 99 130 1 2066957254
49 ZERO 130
0 99 130 1 2066957254
50 LOAD 2<-65
0 99 65 1 2066957254
51 DEC 65
0 99 64 1 2066957254
52 STORE 0:65<-64
0 99 64 1 2066957254
53 JUMP 39
0 99 64 1 2066957254
39 ZERO 0
0 99 64 1 2066957254
40 LOAD 2<-64
0 99 64 1 2066957254
41 JZERO 54
0 99 64 1 2066957254
42 ZERO 1
0 99 64 0 2066957254
43 INC 0
0 99 64 1 2066957254
44 ZERO 0
0 99 64 1 2066957254
45 LOAD 2<-64
0 99 64 1 2066957254
46 ADD 64 64
0 99 128 1 2066957254
47 COPY 0 128
128 99 128 1 2066957254
48 STORE 128:0<-1
128 99 128 1 2066957254
49 ZERO 128
0 99 128 1 2066957254
50 LOAD 2<-64
0 99 64 1 2066957254
51 DEC 64
0 99 63 1 2066957254
52 STORE 0:64<-63
0 99 63 1 2066957254
53 JUMP 39
0 99 63 1 2066957254
39 ZERO 0
0 99 63 1 2066957254
40 LOAD 2<-63
0 99 63 1 2066957254
41 JZERO 54
0 99 63 1 2066957254
42 ZERO 1
0 99 63 0 2066957254
43 INC 0
0 99 63 1 2066957254
44 ZERO 0
0 99 63 1 2066957254
45 LOAD 2<-63
0 99 63 1 2066957254
46 ADD 63 63
0 99 126 1 2066957254
47 COPY 0 126
126 99 126 1 2066957254
48 STORE 126:0<-1
126 99 126 1 2066957254
49 ZERO 126
0 99 126 1 2066957254
50 LOAD 2<-63
0 99 63 1 2066957254
51 DEC 63
0 99 62 1 2066957254
52 STORE 0:63<-62
0 99 62 1 2066957254
53 JUMP 39
0 99 62 1 2066957254
39 ZERO 0
0 99 62 1 2066957254
40 LOAD 2<-62
0 99 62 1 2066957254
41 JZERO 54
0 99 62 1 2066957254
42 ZERO 1
0 99 62 0 2066957254
43 INC 0
0 99 62 1 2066957254
44 ZERO 0
0 99 62 1 2066957254
45 LOAD 2<-62
0 99 62 1 2066957254
46 ADD 62 62
0 99 124 1 2066957254
47 COPY 0 124
124 99 124 1 2066957254
48 STORE 124:0<-1
124 99 124 1 2066957254
49 ZERO 124
0 99 124 1 2066957254
50 LOAD 2<-62
0 99 62 1 2066957254
51 DEC 62
0 99 61 1 2066957254
52 STORE 0:62<-61
0 99 61 1 2066957254
53 JUMP 39
0 99 61 1 2066957254
39 ZERO 0
0 99 61 1 2066957254
40 LOAD 2<-61
0 99 61 1 2066957254
41 JZERO 54
0 99 61 1 2066957254
42 ZERO 1
0 99 61 0 2066957254
43 INC 0
0 99 61 1 2066957254
44 ZERO 0
0 99 61 1 2066957254
45 LOAD 2<-61
0 99 61 1 2066957254
46 ADD 61 61
0 99 122 1 2066957254
47 COPY 0 122
122 99 122 1 2066957254
48 STORE 122:0<-1
122 99 122 1 2066957254
49 ZERO 122
0 99 122 1 2066957254
50 LOAD 2<-61
0 99 61 1 2066957254
51 DEC 61
0 99 60 1 2066957254
52 STORE 0:61<-60
0 99 60 1 2066957254
53 JUMP 39
0 99 60 1 2066957254
39 ZERO 0
0 99 60 1 2066957254
40 LOAD 2<-60
0 99 60 1 2066957254
41 JZERO 54
0 99 60 1 2066957254
42 ZERO 1
0 99 60 0 2066957254
43 INC 0
0 99 60 1 2066957254
44 ZERO 0
0 99 60 1 2066957254
45 LOAD 2<-60
0 99 60 1 2066957254
46 ADD 60 60
0 99 120 1 2066957254
47 COPY 0 120
120 99 120 1 2066957254
48 STORE 120:0<-1
120 99 120 1 2066957254
49 ZERO 120
0 99 120 1 2066957254
50 LOAD 2<-60
0 99 60 1 2066957254
51 DEC 60
0 99 59 1 2066957254
52 STORE 0:60<-59
0 99 59 1 2066957254
53 JUMP 39
0 99 59 1 2066957254
39 ZERO 0
0 99 59 1 2066957254
40 LOAD 2<-59
0 99 59 1 2066957254
41 JZERO 54
0 99 59 1 2066957254
42 ZERO 1
0 99 59 0 2066957254
43 INC 0
0 99 59 1 2066957254
44 ZERO 0
0 99 59 1 2066957254
45 LOAD 2<-59
0 99 59 1 2066957254
46 ADD 59 59
0 99 118 1 2066957254
47 COPY 0 118
118 99 118 1 2066957254
48 STORE 118:0<-1
118 99 118 1 2066957254
49 ZERO 118
0 99 118 1 2066957254
50 LOAD 2<-59
0 99 59 1 2066957254
51 DEC 59
0 99 58 1 2066957254
52 STORE 0:59<-58
0 99 58 1 2066957254
53 JUMP 39
0 99 58 1 2066957254
39 ZERO 0
0 99 58 1 2066957254
40 LOAD 2<-58
0 99 58 1 2066957254
41 JZERO 54
0 99 58 1 2066957254
42 ZERO 1
0 99 58 0 2066957254
43 INC 0
0 99 58 1 2066957254
44 ZERO 0
0 99 58 1 2066957254
45 LOAD 2<-58
0 99 58 1 2066957254
46 ADD 58 58
0 99 116 1 2066957254
47 COPY 0 116
116 99 116 1 2066957254
48 STORE 116:0<-1
116 99 116 1 2066957254
49 ZERO 116
0 99 116 1 2066957254
50 LOAD 2<-58
0 99 58 1 2066957254
51 DEC 58
0 99 57 1 2066957254
52 STORE 0:58<-57
0 99 57 1 2066957254
53 JUMP 39
0 99 57 1 2066957254
39 ZERO 0
0 99 57 1 2066957254
40 LOAD 2<-57
0 99 57 1 2066957254
41 JZERO 54
0 99 57 1 2066957254
42 ZERO 1
0 99 57 0 2066957254
43 INC 0
0 99 57 1 2066957254
44 ZERO 0
0 99 57 1 2066957254
45 LOAD 2<-57
0 99 57 1 2066957254
46 ADD 57 57
0 99 114 1 2066957254
47 COPY 0 114
114 99 114 1 2066957254
48 STORE 114:0<-1
114 99 114 1 2066957254
49 ZERO 114
0 99 114 1 2066957254
50 LOAD 2<-57
0 99 57 1 2066957254
51 DEC 57
0 99 56 1 2066957254
52 STORE 0:57<-56
0 99 56 1 2066957254
53 JUMP 39
0 99 56 1 2066957254
39 ZERO 0
0 99 56 1 2066957254
40 LOAD 2<-56
0 99 56 1 2066957254
41 JZERO 54
0 99 56 1 2066957254
42 ZERO 1
0 99 56 0 2066957254
43 INC 0
0 99 56 1 2066957254
44 ZERO 0
0 99 56 1 2066957254
45 LOAD 2<-56
0 99 56 1 2066957254
46 ADD 56 56
0 99 112 1 2066957254
47 COPY 0 112
112 99 112 1 2066957254
48 STORE 112:0<-1
112 99 112 1 2066957254
49 ZERO 112
0 99 112 1 2066957254
50 LOAD 2<-56
0 99 56 1 2066957254
51 DEC 56
0 99 55 1 2066957254
52 STORE 0:56<-55
0 99 55 1 2066957254
53 JUMP 39
0 99 55 1 2066957254
39 ZERO 0
0 99 55 1 2066957254
40 LOAD 2<-55
0 99 55 1 2066957254
41 JZERO 54
0 99 55 1 2066957254
42 ZERO 1
0 99 55 0 2066957254
43 INC 0
0 99 55 1 2066957254
44 ZERO 0
0 99 55 1 2066957254
45 LOAD 2<-55
0 99 55 1 2066957254
46 ADD 55 55
0 99 110 1 2066957254
47 COPY 0 110
110 99 110 1 2066957254
48 STORE 110:0<-1
110 99 110 1 2066957254
49 ZERO 110
0 99 110 1 2066957254
50 LOAD 2<-55
0 99 55 1 2066957254
51 DEC 55
0 99 54 1 2066957254
52 STORE 0:55<-54
0 99 54 1 2066957254
53 JUMP 39
0 99 54 1 2066957254
39 ZERO 0
0 99 54 1 2066957254
40 LOAD 2<-54
0 99 54 1 2066957254
41 JZERO 54
0 99 54 1 2066957254
42 ZERO 1
0 99 54 0 2066957254
43 INC 0
0 99 54 1 2066957254
44 ZERO 0
0 99 54 1 2066957254
45 LOAD 2<-54
0 99 54 1 2066957254
46 ADD 54 54
0 99 108 1 2066957254
47 COPY 0 108
108 99 108 1 2066957254
48 STORE 108:0<-1
108 99 108 1 2066957254
49 ZERO 108
0 99 108 1 2066957254
50 LOAD 2<-54
0 99 54 1 2066957254
51 DEC 54
0 99 53 1 2066957254
52 STORE 0:54<-53
0 99 53 1 2066957254
53 JUMP 39
0 99 53 1 2066957254
39 ZERO 0
0 99 53 1 2066957254
40 LOAD 2<-53
0 99 53 1 2066957254
41 JZERO 54
0 99 53 1 2066957254
42 ZERO 1
0 99 53 0 2066957254
43 INC 0
0 99 53 1 2066957254
44 ZERO 0
0 99 53 1 2066957254
45 LOAD 2<-53
0 99 53 1 2066957254
46 ADD 53 53
0 99 106 1 2066957254
47 COPY 0 106
106 99 106 1 2066957254
48 STORE 106:0<-1
106 99 106 1 2066957254
49 ZERO 106
0 99 106 1 2066957254
50 LOAD 2<-53
0 99 53 1 2066957254
51 DEC 53
0 99 52 1 2066957254
52 STORE 0:53<-52
0 99 52 1 2066957254
53 JUMP 39
0 99 52 1 2066957254
39 ZERO 0
0 99 52 1 2066957254
40 LOAD 2<-52
0 99 52 1 2066957254
41 JZERO 54
0 99 52 1 2066957254
42 ZERO 1
0 99 52 0 2066957254
43 INC 0
0 99 52 1 2066957254
44 ZERO 0
0 99 52 1 2066957254
45 LOAD 2<-52
0 99 52 1 2066957254
46 ADD 52 52
0 99 104 1 2066957254
47 COPY 0 104
104 99 104 1 2066957254
48 STORE 104:0<-1
104 99 104 1 2066957254
49 ZERO 104
0 99 104 1 2066957254
50 LOAD 2<-52
0 99 52 1 2066957254
51 DEC 52
0 99 51 1 2066957254
52 STORE 0:52<-51
0 99 51 1 2066957254
53 JUMP 39
0 99 51 1 2066957254
39 ZERO 0
0 99 51 1 2066957254
40 LOAD 2<-51
0 99 51 1 2066957254
41 JZERO 54
0 99 51 1 2066957254
42 ZERO 1
0 99 51 0 2066957254
43 INC 0
0 99 51 1 2066957254
44 ZERO 0
0 99 51 1 2066957254
45 LOAD 2<-51
0 99 51 1 2066957254
46 ADD 51 51
0 99 102 1 2066957254
47 COPY 0 102
102 99 102 1 2066957254
48 STORE 102:0<-1
102 99 102 1 2066957254
49 ZERO 102
0 99 102 1 2066957254
50 LOAD 2<-51
0 99 51 1 2066957254
51 DEC 51
0 99 50 1 2066957254
52 STORE 0:51<-50
0 99 50 1 2066957254
53 JUMP 39
0 99 50 1 2066957254
39 ZERO 0
0 99 50 1 2066957254
40 LOAD 2<-50
0 99 50 1 2066957254
41 JZERO 54
0 99 50 1 2066957254
42 ZERO 1
0 99 50 0 2066957254
43 INC 0
0 99 50 1 2066957254
44 ZERO 0
0 99 50 1 2066957254
45 LOAD 2<-50
0 99 50 1 2066957254
46 ADD 50 50
0 99 100 1 2066957254
47 COPY 0 100
100 99 100 1 2066957254
48 STORE 100:0<-1
100 99 100 1 2066957254
49 ZERO 100
0 99 100 1 2066957254
50 LOAD 2<-50
0 99 50 1 2066957254
51 DEC 50
0 99 49 1 2066957254
52 STORE 0:50<-49
0 99 49 1 2066957254
53 JUMP 39
0 99 49 1 2066957254
39 ZERO 0
0 99 49 1 2066957254
40 LOAD 2<-49
0 99 49 1 2066957254
41 JZERO 54
0 99 49 1 2066957254
42 ZERO 1
0 99 49 0 2066957254
43 INC 0
0 99 49 1 2066957254
44 ZERO 0
0 99 49 1 2066957254
45 LOAD 2<-49
0 99 49 1 2066957254
46 ADD 49 49
0 99 98 1 2066957254
47 COPY 0 98
98 99 98 1 2066957254
48 STORE 98:0<-1
98 99 98 1 2066957254
49 ZERO 98
0 99 98 1 2066957254
50 LOAD 2<-49
0 99 49 1 2066957254
51 DEC 49
0 99 48 1 2066957254
52 STORE 0:49<-48
0 99 48 1 2066957254
53 JUMP 39
0 99 48 1 2066957254
39 ZERO 0
0 99 48 1 2066957254
40 LOAD 2<-48
0 99 48 1 2066957254
41 JZERO 54
0 99 48 1 2066957254
42 ZERO 1
0 99 48 0 2066957254
43 INC 0
0 99 48 1 2066957254
44 ZERO 0
0 99 48 1 2066957254
45 LOAD 2<-48
0 99 48 1 2066957254
46 ADD 48 48
0 99 96 1 2066957254
47 COPY 0 96
96 99 96 1 2066957254
48 STORE 96:0<-1
96 99 96 1 2066957254
49 ZERO 96
0 99 96 1 2066957254
50 LOAD 2<-48
0 99 48 1 2066957254
51 DEC 48
0 99 47 1 2066957254
52 STORE 0:48<-47
0 99 47 1 2066957254
53 JUMP 39
0 99 47 1 2066957254
39 ZERO 0
0 99 47 1 2066957254
40 LOAD 2<-47
0 99 47 1 2066957254
41 JZERO 54
0 99 47 1 2066957254
42 ZERO 1
0 99 47 0 2066957254
43 INC 0
0 99 47 1 2066957254
44 ZERO 0
0 99 47 1 2066957254
45 LOAD 2<-47
0 99 47 1 2066957254
46 ADD 47 47
0 99 94 1 2066957254
47 COPY 0 94
94 99 94 1 2066957254
48 STORE 94:0<-1
94 99 94 1 2066957254
49 ZERO 94
0 99 94 1 2066957254
50 LOAD 2<-47
0 99 47 1 2066957254
51 DEC 47
0 99 46 1 2066957254
52 STORE 0:47<-46
0 99 46 1 2066957254
53 JUMP 39
0 99 46 1 2066957254
39 ZERO 0
0 99 46 1 2066957254
40 LOAD 2<-46
0 99 46 1 2066957254
41 JZERO 54
0 99 46 1 2066957254
42 ZERO 1
0 99 46 0 2066957254
43 INC 0
0 99 46 1 2066957254
44 ZERO 0
0 99 46 1 2066957254
45 LOAD 2<-46
0 99 46 1 2066957254
46 ADD 46 46
0 99 92 1 2066957254
47 COPY 0 92
92 99 92 1 2066957254
48 STORE 92:0<-1
92 99 92 1 2066957254
49 ZERO 92
0 99 92 1 2066957254
50 LOAD 2<-46
0 99 46 1 2066957254
51 DEC 46
0 99 45 1 2066957254
52 STORE 0:46<-45
0 99 45 1 2066957254
53 JUMP 39
0 99 45 1 2066957254
39 ZERO 0
0 99 45 1 2066957254
40 LOAD 2<-45
0 99 45 1 2066957254
41 JZERO 54
0 99 45 1 2066957254
42 ZERO 1
0 99 45 0 2066957254
43 INC 0
0 99 45 1 2066957254
44 ZERO 0
0 99 45 1 2066957254
45 LOAD 2<-45
0 99 45 1 2066957254
46 ADD 45 45
0 99 90 1 2066957254
47 COPY 0 90
90 99 90 1 2066957254
48 STORE 90:0<-1
90 99 90 1 2066957254
49 ZERO 90
0 99 90 1 2066957254
50 LOAD 2<-45
0 99 45 1 2066957254
51 DEC 45
0 99 44 1 2066957254
52 STORE 0:45<-44
0 99 44 1 2066957254
53 JUMP 39
0 99 44 1 2066957254
39 ZERO 0
0 99 44 1 2066957254
40 LOAD 2<-44
0 99 44 1 2066957254
41 JZERO 54
0 99 44 1 2066957254
42 ZERO 1
0 99 44 0 2066957254
43 INC 0
0 99 44 1 2066957254
44 ZERO 0
0 99 44 1 2066957254
45 LOAD 2<-44
0 99 44 1 2066957254
46 ADD 44 44
0 99 88 1 2066957254
47 COPY 0 88
88 99 88 1 2066957254
48 STORE 88:0<-1
88 99 88 1 2066957254
49 ZERO 88
0 99 88 1 2066957254
50 LOAD 2<-44
0 99 44 1 2066957254
51 DEC 44
0 99 43 1 2066957254
52 STORE 0:44<-43
0 99 43 1 2066957254
53 JUMP 39
0 99 43 1 2066957254
39 ZERO 0
0 99 43 1 2066957254
40 LOAD 2<-43
0 99 43 1 2066957254
41 JZERO 54
0 99 43 1 2066957254
42 ZERO 1
0 99 43 0 2066957254
43 INC 0
0 99 43 1 2066957254
44 ZERO 0
0 99 43 1 2066957254
45 LOAD 2<-43
0 99 43 1 2066957254
46 ADD 43 43
0 99 86 1 2066957254
47 COPY 0 86
86 99 86 1 2066957254
48 STORE 86:0<-1
86 99 86 1 2066957254
49 ZERO 86
0 99 86 1 2066957254
50 LOAD 2<-43
0 99 43 1 2066957254
51 DEC 43
0 99 42 1 2066957254
52 STORE 0:43<-42
0 99 42 1 2066957254
53 JUMP 39
0 99 42 1 2066957254
39 ZERO 0
0 99 42 1 2066957254
40 LOAD 2<-42
0 99 42 1 2066957254
41 JZERO 54
0 99 42 1 2066957254
42 ZERO 1
0 99 42 0 2066957254
43 INC 0
0 99 42 1 2066957254
44 ZERO 0
0 99 42 1 2066957254
45 LOAD 2<-42
0 99 42 1 2066957254
46 ADD 42 42
0 99 84 1 2066957254
47 COPY 0 84
84 99 84 1 2066957254
48 STORE 84:0<-1
84 99 84 1 2066957254
49 ZERO 84
0 99 84 1 2066957254
50 LOAD 2<-42
0 99 42 1 2066957254
51 DEC 42
0 99 41 1 2066957254
52 STORE 0:42<-41
0 99 41 1 2066957254
53 JUMP 39
0 99 41 1 2066957254
39 ZERO 0
0 99 41 1 2066957254
40 LOAD 2<-41
0 99 41 1 2066957254
41 JZERO 54
0 99 41 1 2066957254
42 ZERO 1
0 99 41 0 2066957254
43 INC 0
0 99 41 1 2066957254
44 ZERO 0
0 99 41 1 2066957254
45 LOAD 2<-41
0 99 41 1 2066957254
46 ADD 41 41
0 99 82 1 2066957254
47 COPY 0 82
82 99 82 1 2066957254
48 STORE 82:0<-1
82 99 82 1 2066957254
49 ZERO 82
0 99 82 1 2066957254
50 LOAD 2<-41
0 99 41 1 2066957254
51 DEC 41
0 99 40 1 2066957254
52 STORE 0:41<-40
0 99 40 1 2066957254
53 JUMP 39
0 99 40 1 2066957254
39 ZERO 0
0 99 40 1 2066957254
40 LOAD 2<-40
0 99 40 1 2066957254
41 JZERO 54
0 99 40 1 2066957254
42 ZERO 1
0 99 40 0 2066957254
43 INC 0
0 99 40 1 2066957254
44 ZERO 0
0 99 40 1 2066957254
45 LOAD 2<-40
0 99 40 1 2066957254
46 ADD 40 40
0 99 80 1 2066957254
47 COPY 0 80
80 99 80 1 2066957254
48 STORE 80:0<-1
80 99 80 1 2066957254
49 ZERO 80
0 99 80 1 2066957254
50 LOAD 2<-40
0 99 40 1 2066957254
51 DEC 40
0 99 39 1 2066957254
52 STORE 0:40<-39
0 99 39 1 2066957254
53 JUMP 39
0 99 39 1 2066957254
39 ZERO 0
0 99 39 1 2066957254
40 LOAD 2<-39
0 99 39 1 2066957254
41 JZERO 54
0 99 39 1 2066957254
42 ZERO 1
0 99 39 0 2066957254
43 INC 0
0 99 39 1 2066957254
44 ZERO 0
0 99 39 1 2066957254
45 LOAD 2<-39
0 99 39 1 2066957254
46 ADD 39 39
0 99 78 1 2066957254
47 COPY 0 78
78 99 78 1 2066957254
48 STORE 78:0<-1
78 99 78 1 2066957254
49 ZERO 78
0 99 78 1 2066957254
50 LOAD 2<-39
0 99 39 1 2066957254
51 DEC 39
0 99 38 1 2066957254
52 STORE 0:39<-38
0 99 38 1 2066957254
53 JUMP 39
0 99 38 1 2066957254
39 ZERO 0
0 99 38 1 2066957254
40 LOAD 2<-38
0 99 38 1 2066957254
41 JZERO 54
0 99 38 1 2066957254
42 ZERO 1
0 99 38 0 2066957254
43 INC 0
0 99 38 1 2066957254
44 ZERO 0
0 99 38 1 2066957254
45 LOAD 2<-38
0 99 38 1 2066957254
46 ADD 38 38
0 99 76 1 2066957254
47 COPY 0 76
76 99 76 1 2066957254
48 STORE 76:0<-1
76 99 76 1 2066957254
49 ZERO 76
0 99 76 1 2066957254
50 LOAD 2<-38
0 99 38 1 2066957254
51 DEC 38
0 99 37 1 2066957254
52 STORE 0:38<-37
0 99 37 1 2066957254
53 JUMP 39
0 99 37 1 2066957254
39 ZERO 0
0 99 37 1 2066957254
40 LOAD 2<-37
0 99 37 1 2066957254
41 JZERO 54
0 99 37 1 2066957254
42 ZERO 1
0 99 37 0 2066957254
43 INC 0
0 99 37 1 2066957254
44 ZERO 0
0 99 37 1 2066957254
45 LOAD 2<-37
0 99 37 1 2066957254
46 ADD 37 37
0 99 74 1 2066957254
47 COPY 0 74
74 99 74 1 2066957254
48 STORE 74:0<-1
74 99 74 1 2066957254
49 ZERO 74
0 99 74 1 2066957254
50 LOAD 2<-37
0 99 37 1 2066957254
51 DEC 37
0 99 36 1 2066957254
52 STORE 0:37<-36
0 99 36 1 2066957254
53 JUMP 39
0 99 36 1 2066957254
39 ZERO 0
0 99 36 1 2066957254
40 LOAD 2<-36
0 99 36 1 2066957254
41 JZERO 54
0 99 36 1 2066957254
42 ZERO 1
0 99 36 0 2066957254
43 INC 0
0 99 36 1 2066957254
44 ZERO 0
0 99 36 1 2066957254
45 LOAD 2<-36
0 99 36 1 2066957254
46 ADD 36 36
0 99 72 1 2066957254
47 COPY 0 72
72 99 72 1 2066957254
48 STORE 72:0<-1
72 99 72 1 2066957254
49 ZERO 72
0 99 72 1 2066957254
50 LOAD 2<-36
0 99 36 1 2066957254
51 DEC 36
0 99 35 1 2066957254
52 STORE 0:36<-35
0 99 35 1 2066957254
53 JUMP 39
0 99 35 1 2066957254
39 ZERO 0
0 99 35 1 2066957254
40 LOAD 2<-35
0 99 35 1 2066957254
41 JZERO 54
0 99 35 1 2066957254
42 ZERO 1
0 99 35 0 2066957254
43 INC 0
0 99 35 1 2066957254
44 ZERO 0
0 99 35 1 2066957254
45 LOAD 2<-35
0 99 35 1 2066957254
46 ADD 35 35
0 99 70 1 2066957254
47 COPY 0 70
70 99 70 1 2066957254
48 STORE 70:0<-1
70 99 70 1 2066957254
49 ZERO 70
0 99 70 1 2066957254
50 LOAD 2<-35
0 99 35 1 2066957254
51 DEC 35
0 99 34 1 2066957254
52 STORE 0:35<-34
0 99 34 1 2066957254
53 JUMP 39
0 99 34 1 2066957254
39 ZERO 0
0 99 34 1 2066957254
40 LOAD 2<-34
0 99 34 1 2066957254
41 JZERO 54
0 99 34 1 2066957254
42 ZERO 1
0 99 34 0 2066957254
43 INC 0
0 99 34 1 2066957254
44 ZERO 0
0 99 34 1 2066957254
45 LOAD 2<-34
0 99 34 1 2066957254
46 ADD 34 34
0 99 68 1 2066957254
47 COPY 0 68
68 99 68 1 2066957254
48 STORE 68:0<-1
68 99 68 1 2066957254
49 ZERO 68
0 99 68 1 2066957254
50 LOAD 2<-34
0 99 34 1 2066957254
51 DEC 34
0 99 33 1 2066957254
52 STORE 0:34<-33
0 99 33 1 2066957254
53 JUMP 39
0 99 33 1 2066957254
39 ZERO 0
0 99 33 1 2066957254
40 LOAD 2<-33
0 99 33 1 2066957254
41 JZERO 54
0 99 33 1 2066957254
42 ZERO 1
0 99 33 0 2066957254
43 INC 0
0 99 33 1 2066957254
44 ZERO 0
0 99 33 1 2066957254
45 LOAD 2<-33
0 99 33 1 2066957254
46 ADD 33 33
0 99 66 1 2066957254
47 COPY 0 66
66 99 66 1 2066957254
48 STORE 66:0<-1
66 99 66 1 2066957254
49 ZERO 66
0 99 66 1 2066957254
50 LOAD 2<-33
0 99 33 1 2066957254
51 DEC 33
0 99 32 1 2066957254
52 STORE 0:33<-32
0 99 32 1 2066957254
53 JUMP 39
0 99 32 1 2066957254
39 ZERO 0
0 99 32 1 2066957254
40 LOAD 2<-32
0 99 32 1 2066957254
41 JZERO 54
0 99 32 1 2066957254
42 ZERO 1
0 99 32 0 2066957254
43 INC 0
0 99 32 1 2066957254
44 ZERO 0
0 99 32 1 2066957254
45 LOAD 2<-32
0 99 32 1 2066957254
46 ADD 32 32
0 99 64 1 2066957254
47 COPY 0 64
64 99 64 1 2066957254
48 STORE 64:0<-1
64 99 64 1 2066957254
49 ZERO 64
0 99 64 1 2066957254
50 LOAD 2<-32
0 99 32 1 2066957254
51 DEC 32
0 99 31 1 2066957254
52 STORE 0:32<-31
0 99 31 1 2066957254
53 JUMP 39
0 99 31 1 2066957254
39 ZERO 0
0 99 31 1 2066957254
40 LOAD 2<-31
0 99 31 1 2066957254
41 JZERO 54
0 99 31 1 2066957254
42 ZERO 1
0 99 31 0 2066957254
43 INC 0
0 99 31 1 2066957254
44 ZERO 0
0 99 31 1 2066957254
45 LOAD 2<-31
0 99 31 1 2066957254
46 ADD 31 31
0 99 62 1 2066957254
47 COPY 0 62
62 99 62 1 2066957254
48 STORE 62:0<-1
62 99 62 1 2066957254
49 ZERO 62
0 99 62 1 2066957254
50 LOAD 2<-31
0 99 31 1 2066957254
51 DEC 31
0 99 30 1 2066957254
52 STORE 0:31<-30
0 99 30 1 2066957254
53 JUMP 39
0 99 30 1 2066957254
39 ZERO 0
0 99 30 1 2066957254
40 LOAD 2<-30
0 99 30 1 2066957254
41 JZERO 54
0 99 30 1 2066957254
42 ZERO 1
0 99 30 0 2066957254
43 INC 0
0 99 30 1 2066957254
44 ZERO 0
0 99 30 1 2066957254
45 LOAD 2<-30
0 99 30 1 2066957254
46 ADD 30 30
0 99 60 1 2066957254
47 COPY 0 60
60 99 60 1 2066957254
48 STORE 60:0<-1
60 99 60 1 2066957254
49 ZERO 60
0 99 60 1 2066957254
50 LOAD 2<-30
0 99 30 1 2066957254
51 DEC 30
0 99 29 1 2066957254
52 STORE 0:30<-29
0 99 29 1 2066957254
53 JUMP 39
0 99 29 1 2066957254
39 ZERO 0
0 99 29 1 2066957254
40 LOAD 2<-29
0 99 29 1 2066957254
41 JZERO 54
0 99 29 1 2066957254
42 ZERO 1
0 99 29 0 2066957254
43 INC 0
0 99 29 1 2066957254
44 ZERO 0
0 99 29 1 2066957254
45 LOAD 2<-29
0 99 29 1 2066957254
46 ADD 29 29
0 99 58 1 2066957254
47 COPY 0 58
58 99 58 1 2066957254
48 STORE 58:0<-1
58 99 58 1 2066957254
49 ZERO 58
0 99 58 1 2066957254
50 LOAD 2<-29
0 99 29 1 2066957254
51 DEC 29
0 99 28 1 2066957254
52 STORE 0:29<-28
0 99 28 1 2066957254
53 JUMP 39
0 99 28 1 2066957254
39 ZERO 0
0 99 28 1 2066957254
40 LOAD 2<-28
0 99 28 1 2066957254
41 JZERO 54
0 99 28 1 2066957254
42 ZERO 1
0 99 28 0 2066957254
43 INC 0
0 99 28 1 2066957254
44 ZERO 0
0 99 28 1 2066957254
45 LOAD 2<-28
0 99 28 1 2066957254
46 ADD 28 28
0 99 56 1 2066957254
47 COPY 0 56
56 99 56 1 2066957254
48 STORE 56:0<-1
56 99 56 1 2066957254
49 ZERO 56
0 99 56 1 2066957254
50 LOAD 2<-28
0 99 28 1 2066957254
51 DEC 28
0 99 27 1 2066957254
52 STORE 0:28<-27
0 99 27 1 2066957254
53 JUMP 39
0 99 27 1 2066957254
39 ZERO 0
0 99 27 1 2066957254
40 LOAD 2<-27
0 99 27 1 2066957254
41 JZERO 54
0 99 27 1 2066957254
42 ZERO 1
0 99 27 0 2066957254
43 INC 0
0 99 27 1 2066957254
44 ZERO 0
0 99 27 1 2066957254
45 LOAD 2<-27
0 99 27 1 2066957254
46 ADD 27 27
0 99 54 1 2066957254
47 COPY 0 54
54 99 54 1 2066957254
48 STORE 54:0<-1
54 99 54 1 2066957254
49 ZERO 54
0 99 54 1 2066957254
50 LOAD 2<-27
0 99 27 1 2066957254
51 DEC 27
0 99 26 1 2066957254
52 STORE 0:27<-26
0 99 26 1 2066957254
53 JUMP 39
0 99 26 1 2066957254
39 ZERO 0
0 99 26 1 2066957254
40 LOAD 2<-26
0 99 26 1 2066957254
41 JZERO 54
0 99 26 1 2066957254
42 ZERO 1
0 99 26 0 2066957254
43 INC 0
0 99 26 1 2066957254
44 ZERO 0
0 99 26 1 2066957254
45 LOAD 2<-26
0 99 26 1 2066957254
46 ADD 26 26
0 99 52 1 2066957254
47 COPY 0 52
52 99 52 1 2066957254
48 STORE 52:0<-1
52 99 52 1 2066957254
49 ZERO 52
0 99 52 1 2066957254
50 LOAD 2<-26
0 99 26 1 2066957254
51 DEC 26
0 99 25 1 2066957254
52 STORE 0:26<-25
0 99 25 1 2066957254
53 JUMP 39
0 99 25 1 2066957254
39 ZERO 0
0 99 25 1 2066957254
40 LOAD 2<-25
0 99 25 1 2066957254
41 JZERO 54
0 99 25 1 2066957254
42 ZERO 1
0 99 25 0 2066957254
43 INC 0
0 99 25 1 2066957254
44 ZERO 0
0 99 25 1 2066957254
45 LOAD 2<-25
0 99 25 1 2066957254
46 ADD 25 25
0 99 50 1 2066957254
47 COPY 0 50
50 99 50 1 2066957254
48 STORE 50:0<-1
50 99 50 1 2066957254
49 ZERO 50
0 99 50 1 2066957254
50 LOAD 2<-25
0 99 25 1 2066957254
51 DEC 25
0 99 24 1 2066957254
52 STORE 0:25<-24
0 99 24 1 2066957254
53 JUMP 39
0 99 24 1 2066957254
39 ZERO 0
0 99 24 1 2066957254
40 LOAD 2<-24
0 99 24 1 2066957254
41 JZERO 54
0 99 24 1 2066957254
42 ZERO 1
0 99 24 0 2066957254
43 INC 0
0 99 24 1 2066957254
44 ZERO 0
0 99 24 1 2066957254
45 LOAD 2<-24
0 99 24 1 2066957254
46 ADD 24 24
0 99 48 1 2066957254
47 COPY 0 48
48 99 48 1 2066957254
48 STORE 48:0<-1
48 99 48 1 2066957254
49 ZERO 48
0 99 48 1 2066957254
50 LOAD 2<-24
0 99 24 1 2066957254
51 DEC 24
0 99 23 1 2066957254
52 STORE 0:24<-23
0 99 23 1 2066957254
53 JUMP 39
0 99 23 1 2066957254
39 ZERO 0
0 99 23 1 2066957254
40 LOAD 2<-23
0 99 23 1 2066957254
41 JZERO 54
0 99 23 1 2066957254
42 ZERO 1
0 99 23 0 2066957254
43 INC 0
0 99 23 1 2066957254
44 ZERO 0
0 99 23 1 2066957254
45 LOAD 2<-23
0 99 23 1 2066957254
46 ADD 23 23
0 99 46 1 2066957254
47 COPY 0 46
46 99 46 1 2066957254
48 STORE 46:0<-1
46 99 46 1 2066957254
49 ZERO 46
0 99 46 1 2066957254
50 LOAD 2<-23
0 99 23 1 2066957254
51 DEC 23
0 99 22 1 2066957254
52 STORE 0:23<-22
0 99 22 1 2066957254
53 JUMP 39
0 99 22 1 2066957254
39 ZERO 0
0 99 22 1 2066957254
40 LOAD 2<-22
0 99 22 1 2066957254
41 JZERO 54
0 99 22 1 2066957254
42 ZERO 1
0 99 22 0 2066957254
43 INC 0
0 99 22 1 2066957254
44 ZERO 0
0 99 22 1 2066957254
45 LOAD 2<-22
0 99 22 1 2066957254
46 ADD 22 22
0 99 44 1 2066957254
47 COPY 0 44
44 99 44 1 2066957254
48 STORE 44:0<-1
44 99 44 1 2066957254
49 ZERO 44
0 99 44 1 2066957254
50 LOAD 2<-22
0 99 22 1 2066957254
51 DEC 22
0 99 21 1 2066957254
52 STORE 0:22<-21
0 99 21 1 2066957254
53 JUMP 39
0 99 21 1 2066957254
39 ZERO 0
0 99 21 1 2066957254
40 LOAD 2<-21
0 99 21 1 2066957254
41 JZERO 54
0 99 21 1 2066957254
42 ZERO 1
0 99 21 0 2066957254
43 INC 0
0 99 21 1 2066957254
44 ZERO 0
0 99 21 1 2066957254
45 LOAD 2<-21
0 99 21 1 2066957254
46 ADD 21 21
0 99 42 1 2066957254
47 COPY 0 42
42 99 42 1 2066957254
48 STORE 42:0<-1
42 99 42 1 2066957254
49 ZERO 42
0 99 42 1 2066957254
50 LOAD 2<-21
0 99 21 1 2066957254
51 DEC 21
0 99 20 1 2066957254
52 STORE 0:21<-20
0 99 20 1 2066957254
53 JUMP 39
0 99 20 1 2066957254
39 ZERO 0
0 99 20 1 2066957254
40 LOAD 2<-20
0 99 20 1 2066957254
41 JZERO 54
0 99 20 1 2066957254
42 ZERO 1
0 99 20 0 2066957254
43 INC 0
0 99 20 1 2066957254
44 ZERO 0
0 99 20 1 2066957254
45 LOAD 2<-20
0 99 20 1 2066957254
46 ADD 20 20
0 99 40 1 2066957254
47 COPY 0 40
40 99 40 1 2066957254
48 STORE 40:0<-1
40 99 40 1 2066957254
49 ZERO 40
0 99 40 1 2066957254
50 LOAD 2<-20
0 99 20 1 2066957254
51 DEC 20
0 99 19 1 2066957254
52 STORE 0:20<-19
0 99 19 1 2066957254
53 JUMP 39
0 99 19 1 2066957254
39 ZERO 0
0 99 19 1 2066957254
40 LOAD 2<-19
0 99 19 1 2066957254
41 JZERO 54
0 99 19 1 2066957254
42 ZERO 1
0 99 19 0 2066957254
43 INC 0
0 99 19 1 2066957254
44 ZERO 0
0 99 19 1 2066957254
45 LOAD 2<-19
0 99 19 1 2066957254
46 ADD 19 19
0 99 38 1 2066957254
47 COPY 0 38
38 99 38 1 2066957254
48 STORE 38:0<-1
38 99 38 1 2066957254
49 ZERO 38
0 99 38 1 2066957254
50 LOAD 2<-19
0 99 19 1 2066957254
51 DEC 19
0 99 18 1 2066957254
52 STORE 0:19<-18
0 99 18 1 2066957254
53 JUMP 39
0 99 18 1 2066957254
39 ZERO 0
0 99 18 1 2066957254
40 LOAD 2<-18
0 99 18 1 2066957254
41 JZERO 54
0 99 18 1 2066957254
42 ZERO 1
0 99 18 0 2066957254
43 INC 0
0 99 18 1 2066957254
44 ZERO 0
0 99 18 1 2066957254
45 LOAD 2<-18
0 99 18 1 2066957254
46 ADD 18 18
0 99 36 1 2066957254
47 COPY 0 36
36 99 36 1 2066957254
48 STORE 36:0<-1
36 99 36 1 2066957254
49 ZERO 36
0 99 36 1 2066957254
50 LOAD 2<-18
0 99 18 1 2066957254
51 DEC 18
0 99 17 1 2066957254
52 STORE 0:18<-17
0 99 17 1 2066957254
53 JUMP 39
0 99 17 1 2066957254
39 ZERO 0
0 99 17 1 2066957254
40 LOAD 2<-17
0 99 17 1 2066957254
41 JZERO 54
0 99 17 1 2066957254
42 ZERO 1
0 99 17 0 2066957254
43 INC 0
0 99 17 1 2066957254
44 ZERO 0
0 99 17 1 2066957254
45 LOAD 2<-17
0 99 17 1 2066957254
46 ADD 17 17
0 99 34 1 2066957254
47 COPY 0 34
34 99 34 1 2066957254
48 STORE 34:0<-1
34 99 34 1 2066957254
49 ZERO 34
0 99 34 1 2066957254
50 LOAD 2<-17
0 99 17 1 2066957254
51 DEC 17
0 99 16 1 2066957254
52 STORE 0:17<-16
0 99 16 1 2066957254
53 JUMP 39
0 99 16 1 2066957254
39 ZERO 0
0 99 16 1 2066957254
40 LOAD 2<-16
0 99 16 1 2066957254
41 JZERO 54
0 99 16 1 2066957254
42 ZERO 1
0 99 16 0 2066957254
43 INC 0
0 99 16 1 2066957254
44 ZERO 0
0 99 16 1 2066957254
45 LOAD 2<-16
0 99 16 1 2066957254
46 ADD 16 16
0 99 32 1 2066957254
47 COPY 0 32
32 99 32 1 2066957254
48 STORE 32:0<-1
32 99 32 1 2066957254
49 ZERO 32
0 99 32 1 2066957254
50 LOAD 2<-16
0 99 16 1 2066957254
51 DEC 16
0 99 15 1 2066957254
52 STORE 0:16<-15
0 99 15 1 2066957254
53 JUMP 39
0 99 15 1 2066957254
39 ZERO 0
0 99 15 1 2066957254
40 LOAD 2<-15
0 99 15 1 2066957254
41 JZERO 54
0 99 15 1 2066957254
42 ZERO 1
0 99 15 0 2066957254
43 INC 0
0 99 15 1 2066957254
44 ZERO 0
0 99 15 1 2066957254
45 LOAD 2<-15
0 99 15 1 2066957254
46 ADD 15 15
0 99 30 1 2066957254
47 COPY 0 30
30 99 30 1 2066957254
48 STORE 30:0<-1
30 99 30 1 2066957254
49 ZERO 30
0 99 30 1 2066957254
50 LOAD 2<-15
0 99 15 1 2066957254
51 DEC 15
0 99 14 1 2066957254
52 STORE 0:15<-14
0 99 14 1 2066957254
53 JUMP 39
0 99 14 1 2066957254
39 ZERO 0
0 99 14 1 2066957254
40 LOAD 2<-14
0 99 14 1 2066957254
41 JZERO 54
0 99 14 1 2066957254
42 ZERO 1
0 99 14 0 2066957254
43 INC 0
0 99 14 1 2066957254
44 ZERO 0
0 99 14 1 2066957254
45 LOAD 2<-14
0 99 14 1 2066957254
46 ADD 14 14
0 99 28 1 2066957254
47 COPY 0 28
28 99 28 1 2066957254
48 STORE 28:0<-1
28 99 28 1 2066957254
49 ZERO 28
0 99 28 1 2066957254
50 LOAD 2<-14
0 99 14 1 2066957254
51 DEC 14
0 99 13 1 2066957254
52 STORE 0:14<-13
0 99 13 1 2066957254
53 JUMP 39
0 99 13 1 2066957254
39 ZERO 0
0 99 13 1 2066957254
40 LOAD 2<-13
0 99 13 1 2066957254
41 JZERO 54
0 99 13 1 2066957254
42 ZERO 1
0 99 13 0 2066957254
43 INC 0
0 99 13 1 2066957254
44 ZERO 0
0 99 13 1 2066957254
45 LOAD 2<-13
0 99 13 1 2066957254
46 ADD 13 13
0 99 26 1 2066957254
47 COPY 0 26
26 99 26 1 2066957254
48 STORE 26:0<-1
26 99 26 1 2066957254
49 ZERO 26
0 99 26 1 2066957254
50 LOAD 2<-13
0 99 13 1 2066957254
51 DEC 13
0 99 12 1 2066957254
52 STORE 0:13<-12
0 99 12 1 2066957254
53 JUMP 39
0 99 12 1 2066957254
39 ZERO 0
0 99 12 1 2066957254
40 LOAD 2<-12
0 99 12 1 2066957254
41 JZERO 54
0 99 12 1 2066957254
42 ZERO 1
0 99 12 0 2066957254
43 INC 0
0 99 12 1 2066957254
44 ZERO 0
0 99 12 1 2066957254
45 LOAD 2<-12
0 99 12 1 2066957254
46 ADD 12 12
0 99 24 1 2066957254
47 COPY 0 24
24 99 24 1 2066957254
48 STORE 24:0<-1
24 99 24 1 2066957254
49 ZERO 24
0 99 24 1 2066957254
50 LOAD 2<-12
0 99 12 1 2066957254
51 DEC 12
0 99 11 1 2066957254
52 STORE 0:12<-11
0 99 11 1 2066957254
53 JUMP 39
0 99 11 1 2066957254
39 ZERO 0
0 99 11 1 2066957254
40 LOAD 2<-11
0 99 11 1 2066957254
41 JZERO 54
0 99 11 1 2066957254
42 ZERO 1
0 99 11 0 2066957254
43 INC 0
0 99 11 1 2066957254
44 ZERO 0
0 99 11 1 2066957254
45 LOAD 2<-11
0 99 11 1 2066957254
46 ADD 11 11
0 99 22 1 2066957254
47 COPY 0 22
22 99 22 1 2066957254
48 STORE 22:0<-1
22 99 22 1 2066957254
49 ZERO 22
0 99 22 1 2066957254
50 LOAD 2<-11
0 99 11 1 2066957254
51 DEC 11
0 99 10 1 2066957254
52 STORE 0:11<-10
0 99 10 1 2066957254
53 JUMP 39
0 99 10 1 2066957254
39 ZERO 0
0 99 10 1 2066957254
40 LOAD 2<-10
0 99 10 1 2066957254
41 JZERO 54
0 99 10 1 2066957254
42 ZERO 1
0 99 10 0 2066957254
43 INC 0
0 99 10 1 2066957254
44 ZERO 0
0 99 10 1 2066957254
45 LOAD 2<-10
0 99 10 1 2066957254
46 ADD 10 10
0 99 20 1 2066957254
47 COPY 0 20
20 99 20 1 2066957254
48 STORE 20:0<-1
20 99 20 1 2066957254
49 ZERO 20
0 99 20 1 2066957254
50 LOAD 2<-10
0 99 10 1 2066957254
51 DEC 10
0 99 9 1 2066957254
52 STORE 0:10<-9
0 99 9 1 2066957254
53 JUMP 39
0 99 9 1 2066957254
39 ZERO 0
0 99 9 1 2066957254
40 LOAD 2<-9
0 99 9 1 2066957254
41 JZERO 54
0 99 9 1 2066957254
42 ZERO 1
0 99 9 0 2066957254
43 INC 0
0 99 9 1 2066957254
44 ZERO 0
0 99 9 1 2066957254
45 LOAD 2<-9
0 99 9 1 2066957254
46 ADD 9 9
0 99 18 1 2066957254
47 COPY 0 18
18 99 18 1 2066957254
48 STORE 18:0<-1
18 99 18 1 2066957254
49 ZERO 18
0 99 18 1 2066957254
50 LOAD 2<-9
0 99 9 1 2066957254
51 DEC 9
0 99 8 1 2066957254
52 STORE 0:9<-8
0 99 8 1 2066957254
53 JUMP 39
0 99 8 1 2066957254
39 ZERO 0
0 99 8 1 2066957254
40 LOAD 2<-8
0 99 8 1 2066957254
41 JZERO 54
0 99 8 1 2066957254
42 ZERO 1
0 99 8 0 2066957254
43 INC 0
0 99 8 1 2066957254
44 ZERO 0
0 99 8 1 2066957254
45 LOAD 2<-8
0 99 8 1 2066957254
46 ADD 8 8
0 99 16 1 2066957254
47 COPY 0 16
16 99 16 1 2066957254
48 STORE 16:0<-1
16 99 16 1 2066957254
49 ZERO 16
0 99 16 1 2066957254
50 LOAD 2<-8
0 99 8 1 2066957254
51 DEC 8
0 99 7 1 2066957254
52 STORE 0:8<-7
0 99 7 1 2066957254
53 JUMP 39
0 99 7 1 2066957254
39 ZERO 0
0 99 7 1 2066957254
40 LOAD 2<-7
0 99 7 1 2066957254
41 JZERO 54
0 99 7 1 2066957254
42 ZERO 1
0 99 7 0 2066957254
43 INC 0
0 99 7 1 2066957254
44 ZERO 0
0 99 7 1 2066957254
45 LOAD 2<-7
0 99 7 1 2066957254
46 ADD 7 7
0 99 14 1 2066957254
47 COPY 0 14
14 99 14 1 2066957254
48 STORE 14:0<-1
14 99 14 1 2066957254
49 ZERO 14
0 99 14 1 2066957254
50 LOAD 2<-7
0 99 7 1 2066957254
51 DEC 7
0 99 6 1 2066957254
52 STORE 0:7<-6
0 99 6 1 2066957254
53 JUMP 39
0 99 6 1 2066957254
39 ZERO 0
0 99 6 1 2066957254
40 LOAD 2<-6
0 99 6 1 2066957254
41 JZERO 54
0 99 6 1 2066957254
42 ZERO 1
0 99 6 0 2066957254
43 INC 0
0 99 6 1 2066957254
44 ZERO 0
0 99 6 1 2066957254
45 LOAD 2<-6
0 99 6 1 2066957254
46 ADD 6 6
0 99 12 1 2066957254
47 COPY 0 12
12 99 12 1 2066957254
48 STORE 12:0<-1
12 99 12 1 2066957254
49 ZERO 12
0 99 12 1 2066957254
50 LOAD 2<-6
0 99 6 1 2066957254
51 DEC 6
0 99 5 1 2066957254
52 STORE 0:6<-5
0 99 5 1 2066957254
53 JUMP 39
0 99 5 1 2066957254
39 ZERO 0
0 99 5 1 2066957254
40 LOAD 2<-5
0 99 5 1 2066957254
41 JZERO 54
0 99 5 1 2066957254
42 ZERO 1
0 99 5 0 2066957254
43 INC 0
0 99 5 1 2066957254
44 ZERO 0
0 99 5 1 2066957254
45 LOAD 2<-5
0 99 5 1 2066957254
46 ADD 5 5
0 99 10 1 2066957254
47 COPY 0 10
10 99 10 1 2066957254
48 STORE 10:0<-1
10 99 10 1 2066957254
49 ZERO 10
0 99 10 1 2066957254
50 LOAD 2<-5
0 99 5 1 2066957254
51 DEC 5
0 99 4 1 2066957254
52 STORE 0:5<-4
0 99 4 1 2066957254
53 JUMP 39
0 99 4 1 2066957254
39 ZERO 0
0 99 4 1 2066957254
40 LOAD 2<-4
0 99 4 1 2066957254
41 JZERO 54
0 99 4 1 2066957254
42 ZERO 1
0 99 4 0 2066957254
43 INC 0
0 99 4 1 2066957254
44 ZERO 0
0 99 4 1 2066957254
45 LOAD 2<-4
0 99 4 1 2066957254
46 ADD 4 4
0 99 8 1 2066957254
47 COPY 0 8
8 99 8 1 2066957254
48 STORE 8:0<-1
8 99 8 1 2066957254
49 ZERO 8
0 99 8 1 2066957254
50 LOAD 2<-4
0 99 4 1 2066957254
51 DEC 4
0 99 3 1 2066957254
52 STORE 0:4<-3
0 99 3 1 2066957254
53 JUMP 39
0 99 3 1 2066957254
39 ZERO 0
0 99 3 1 2066957254
40 LOAD 2<-3
0 99 3 1 2066957254
41 JZERO 54
0 99 3 1 2066957254
42 ZERO 1
0 99 3 0 2066957254
43 INC 0
0 99 3 1 2066957254
44 ZERO 0
0 99 3 1 2066957254
45 LOAD 2<-3
0 99 3 1 2066957254
46 ADD 3 3
0 99 6 1 2066957254
47 COPY 0 6
6 99 6 1 2066957254
48 STORE 6:0<-1
6 99 6 1 2066957254
49 ZERO 6
0 99 6 1 2066957254
50 LOAD 2<-3
0 99 3 1 2066957254
51 DEC 3
0 99 2 1 2066957254
52 STORE 0:3<-2
0 99 2 1 2066957254
53 JUMP 39
0 99 2 1 2066957254
39 ZERO 0
0 99 2 1 2066957254
40 LOAD 2<-2
0 99 2 1 2066957254
41 JZERO 54
0 99 2 1 2066957254
42 ZERO 1
0 99 2 0 2066957254
43 INC 0
0 99 2 1 2066957254
44 ZERO 0
0 99 2 1 2066957254
45 LOAD 2<-2
0 99 2 1 2066957254
46 ADD 2 2
0 99 4 1 2066957254
47 COPY 0 4
4 99 4 1 2066957254
48 STORE 4:0<-1
4 99 4 1 2066957254
49 ZERO 4
0 99 4 1 2066957254
50 LOAD 2<-2
0 99 2 1 2066957254
51 DEC 2
0 99 1 1 2066957254
52 STORE 0:2<-1
0 99 1 1 2066957254
53 JUMP 39
0 99 1 1 2066957254
39 ZERO 0
0 99 1 1 2066957254
40 LOAD 2<-1
0 99 1 1 2066957254
41 JZERO 54
0 99 1 1 2066957254
42 ZERO 1
0 99 1 0 2066957254
43 INC 0
0 99 1 1 2066957254
44 ZERO 0
0 99 1 1 2066957254
45 LOAD 2<-1
0 99 1 1 2066957254
46 ADD 1 1
0 99 2 1 2066957254
47 COPY 0 2
2 99 2 1 2066957254
48 STORE 2:0<-1
2 99 2 1 2066957254
49 ZERO 2
0 99 2 1 2066957254
50 LOAD 2<-1
0 99 1 1 2066957254
51 DEC 1
0 99 0 1 2066957254
52 STORE 0:1<-0
0 99 0 1 2066957254
53 JUMP 39
0 99 0 1 2066957254
39 ZERO 0
0 99 0 1 2066957254
40 LOAD 2<-0
0 99 0 1 2066957254
41 JZERO 54
0 99 0 1 2066957254
Skończono program (czas: 6954).
